 4.71000000e+01 4.10000000e+01 3.88600000e+02 9.89000000e+01 5.10000000e+01 1.31000000e+01 1.00000000e-01 1.10000000e+00 6.00000000e-01 0.00000000e+00 1.00000000e+00 6.38000000e+01
 9.94000000e+01 1.22300000e+02 1.67300000e+02 1.54800000e+02 8.43000000e+01 4.56000000e+01 2.36000000e+01 6.50000000e+00 9.90000000e+00 7.80000000e+00 4.40000000e+00 1.86000000e+01
 8.40000000e+00 1.41800000e+02 1.86500000e+02 5.47000000e+01 5.07000000e+01 2.79000000e+01 7.00000000e+00 3.50000000e+00 7.00000000e-01 4.70000000e+00 9.00000000e-01 1.11000000e+01
 4.36000000e+01 1.30200000e+02 3.14300000e+02 3.29300000e+02 3.19000000e+02 1.87000000e+02 1.10600000e+02 5.57000000e+01 6.10000000e+00 1.30000000e+01 4.40000000e+00 3.90000000e+00
 2.14300000e+02 4.91800000e+02 3.88700000e+02 4.14700000e+02 2.98900000e+02 1.73700000e+02 9.95000000e+01 7.10000000e+00 3.80000000e+00 5.00000000e-01 6.50000000e+00 9.74000000e+01
 9.54000000e+01 2.66800000e+02 5.28200000e+02 4.11800000e+02 2.13300000e+02 1.43900000e+02 1.16000000e+01 1.98000000e+01 1.01000000e+01 9.70000000e+00 1.34000000e+01 1.01000000e+01
 4.24000000e+01 9.17000000e+01 3.56900000e+02 1.14600000e+02 2.48000000e+01 1.78800000e+02 3.14000000e+01 2.90000000e+00 5.10000000e+00 4.10000000e+00 5.20000000e+00 3.00000000e-01
 1.53700000e+02 1.50900000e+02 2.74800000e+02 2.37700000e+02 2.74600000e+02 7.69000000e+01 4.66000000e+01 2.60000000e+00 2.10000000e+01 7.20000000e+00 7.20000000e+00 7.73000000e+01
 8.83000000e+01 3.47000000e+01 2.73700000e+02 4.08400000e+02 1.56400000e+02 2.31900000e+02 1.33700000e+02 2.83000000e+01 2.73000000e+01 5.00000000e+00 6.90000000e+00 1.11100000e+02
 3.14000000e+01 1.37900000e+02 6.92000000e+01 1.65800000e+02 1.17100000e+02 1.93000000e+01 4.56000000e+01 2.30000000e+00 6.60000000e+00 3.20000000e+00 6.00000000e+00 4.60000000e+00
 3.96000000e+01 1.22800000e+02 3.40700000e+02 3.09200000e+02 1.17300000e+02 4.15000000e+01 1.32000000e+01 2.40000000e+00 3.00000000e-01 1.55000000e+01 7.00000000e-01 8.00000000e-01
 1.14900000e+02 1.88400000e+02 1.93300000e+02 1.70100000e+02 5.52000000e+01 5.71000000e+01 6.40000000e+00 2.40000000e+00 2.30000000e+00 8.00000000e-01 8.00000000e-01 5.00000000e-01
 4.82000000e+01 5.97000000e+01 1.72000000e+02 8.23000000e+01 4.38000000e+01 2.14000000e+01 5.28000000e+01 7.70000000e+00 1.70000000e+00 2.20000000e+00 1.40000000e+00 4.60000000e+00
 9.86000000e+01 1.68200000e+02 3.64800000e+02 3.36100000e+02 2.70700000e+02 3.68700000e+02 3.99000000e+01 1.90000000e+00 1.90000000e+00 6.20000000e+00 9.00000000e-01 9.73000000e+01
 8.61000000e+01 1.85600000e+02 2.75600000e+02 4.86900000e+02 2.79300000e+02 8.79000000e+01 5.17000000e+01 1.00000000e-01 3.00000000e-01 3.30000000e+00 5.20000000e+00 8.30000000e+00
 1.21900000e+02 1.78800000e+02 3.75700000e+02 4.26900000e+02 1.52300000e+02 2.09000000e+01 1.70000000e+01 1.75000000e+01 1.80000000e+00 6.60000000e+00 4.90000000e+00 5.00000000e+00
 2.42000000e+01 4.27000000e+01 1.92600000e+02 2.90400000e+02 2.02500000e+02 2.90000000e+00 1.23000000e+01 8.40000000e+00 2.00000000e-01 2.00000000e-01 1.12000000e+01 2.93000000e+01
 1.65400000e+02 5.85000000e+01 1.85100000e+02 8.86000000e+01 3.94000000e+01 1.68000000e+01 8.30000000e+00 5.20000000e+00 6.00000000e-01 6.00000000e-01 8.00000000e-01 8.30000000e+00
 6.56000000e+01 8.35000000e+01 2.12000000e+02 1.76500000e+02 1.98300000e+02 2.44000000e+01 3.30000000e+00 1.50000000e+00 5.90000000e+00 1.10000000e+00 9.60000000e+00 4.10000000e+01
 1.90200000e+02 1.46800000e+02 2.20100000e+02 3.13000000e+02 1.24000000e+02 5.35000000e+01 6.87000000e+01 7.93000000e+01 5.32000000e+01 0.00000000e+00 4.00000000e-01 8.50000000e+00
 9.05000000e+01 6.19000000e+01 1.43100000e+02 4.87900000e+02 4.34000000e+01 8.30000000e+01 9.00000000e+00 7.00000000e-01 9.00000000e-01 1.50000000e+00 3.10000000e+00 1.10000000e+01
 2.28700000e+02 4.65000000e+01 2.56600000e+02 3.97600000e+02 1.77000000e+02 8.24000000e+01 5.17000000e+01 1.50000000e+00 1.00000000e+00 2.40000000e+00 5.20000000e+00 5.70000000e+00
 1.30900000e+02 2.31800000e+02 3.37000000e+02 3.20700000e+02 1.98800000e+02 9.00000000e+01 3.90000000e+00 1.80000000e+00 9.00000000e-01 5.00000000e-01 1.70000000e+00 8.00000000e+00
 3.89200000e+02 2.98800000e+02 2.79600000e+02 9.11000000e+01 2.56000000e+01 1.31600000e+02 4.77000000e+01 1.60000000e+00 4.40000000e+00 3.00000000e-01 2.00000000e-01 1.70000000e+00
 1.07000000e+01 5.53000000e+01 1.87900000e+02 1.39200000e+02 2.11000000e+02 1.11200000e+02 1.15000000e+01 1.10000000e+00 2.00000000e-01 0.00000000e+00 1.00000000e-01 9.50000000e+00
 1.33000000e+01 9.66000000e+01 2.08000000e+02 2.89800000e+02 2.54600000e+02 1.15800000e+02 1.14000000e+01 3.90000000e+00 2.10000000e+00 1.40000000e+00 1.20000000e+00 3.50000000e+00
 3.15000000e+01 2.30800000e+02 1.62500000e+02 2.64900000e+02 1.07000000e+02 7.23000000e+01 9.90000000e+00 3.00000000e-01 4.00000000e-01 2.00000000e-01 9.00000000e-01 3.31000000e+01
 3.74000000e+01 2.39100000e+02 1.60500000e+02 2.75600000e+02 1.11300000e+02 7.67000000e+01 8.00000000e+00 4.00000000e-01 3.00000000e-01 3.00000000e-01 8.00000000e-01 3.45000000e+01
 9.25000000e+01 3.55000000e+01 2.69100000e+02 3.66800000e+02 1.34700000e+02 5.58000000e+01 5.30000000e+00 1.18000000e+01 0.00000000e+00 1.20000000e+00 3.00000000e-01 1.90000000e+00
 1.12000000e+02 2.15000000e+02 3.57000000e+02 5.11000000e+02 3.00000000e+02 1.36000000e+02 1.10000000e+02 2.50000000e+01 2.00000000e+00 3.70000000e+00 1.40000000e+00 5.40000000e+00
 6.20000000e+01 2.70000000e+01 1.18000000e+02 1.66000000e+02 6.90000000e+01 3.10000000e+01 7.20000000e+00 0.00000000e+00 0.00000000e+00 8.00000000e-01 9.00000000e-01 2.46000000e+02
 3.52000000e+02 1.74000000e+02 2.34000000e+02 2.63000000e+02 1.12000000e+02 6.00000000e+01 7.80000000e+01 1.60000000e+01 2.00000000e-01 5.40000000e+01 5.60000000e+00 6.40000000e+00
 3.60000000e+01 2.18000000e+02 1.50000000e+02 8.70000000e+01 3.60000000e+01 5.10000000e+01 2.20000000e+00 0.00000000e+00 0.00000000e+00 7.00000000e-01 1.30000000e+00 1.70000000e+00
 3.40000000e+01 8.00000000e+01 7.70000000e+01 1.67000000e+02 1.02000000e+02 8.70000000e+01 4.40000000e+01 7.00000000e-01 6.00000000e-01 3.00000000e-01 5.40000000e+00 6.90000000e+00
 4.80000000e+01 9.50000000e+01 1.73000000e+02 1.74000000e+02 1.51000000e+02 1.80000000e+01 8.80000000e+00 2.00000000e-01 2.80000000e+00 1.50000000e+00 3.90000000e+00 7.00000000e+00
 8.86000000e+01 1.46200000e+02 2.93200000e+02 2.39400000e+02 3.17000000e+01 2.52000000e+01 1.07000000e+02 1.60000000e+00 1.90000000e+00 6.00000000e-01 3.00000000e-01 1.41000000e+01
 1.82600000e+02 8.39000000e+01 1.37700000e+02 2.16000000e+02 5.83000000e+01 3.19000000e+01 8.00000000e-01 7.00000000e-01 1.40000000e+00 6.00000000e-01 1.40000000e+00 2.81000000e+01
 7.19000000e+01 2.05900000e+02 3.82800000e+02 1.91500000e+02 1.42200000e+02 5.08000000e+01 6.76000000e+01 1.10000000e+00 7.00000000e-01 3.50000000e+00 2.80000000e+00 2.18000000e+01
 1.02700000e+02 2.50400000e+02 1.42600000e+02 2.62200000e+02 1.25200000e+02 2.99000000e+01 6.72000000e+01 1.80000000e+00 3.00000000e-01 1.30000000e+00 5.90000000e+00 7.98000000e+01
 1.56000000e+02 2.72700000e+02 3.85100000e+02 3.01700000e+02 1.92100000e+02 8.55000000e+01 3.10000000e+01 3.60000000e+00 1.90000000e+00 1.80000000e+00 2.00000000e-01 2.04000000e+01
 1.73800000e+02 2.75300000e+02 2.78800000e+02 3.19500000e+02 1.77200000e+02 6.73000000e+01 4.48000000e+01 0.00000000e+00 5.00000000e-01 2.90000000e+00 1.16000000e+01 8.30000000e+00
